1536 127930368
1542 126976
1544 4214784
1547 0
1565 0
1573 0
1580 0
1587 0
1592 0
1596 4096
1607 0
1613 0
1617 0
1680 106496
1682 5877760
1719 7016448
1808 4096
1813 0
1823 20480
1830 7909376
1844 10430464
1871 24576
1875 0
1876 897024
1878 0
1880 0
1893 0
1897 8192
1902 6127616
1908 3604480
1917 5271552
1923 131072
1932 2424832
1947 16384
1959 2391040
1969 0
1970 16384
1971 0
1973 901120
1976 4096
1977 0
1978 290816
1981 0
1982 0
1983 0
1984 0
1985 0
1998 0
1999 45056
2003 0
2005 1146880
2006 40960
2007 102400
2030 24576
2038 0
2088 0
2182 819200
2193 225280
2207 606208
2256 183472128
2263 0
2264 0
2266 12288
2268 0
2274 0
2275 0
2276 0
2279 36114432
2301 5423104
2302 37761024
2322 3330048
2398 2031616
2420 4575232
2452 692224
2470 0
2484 471040
2492 0
2514 8192
2808 0
2845 0
2862 69632
2907 0
2912 56537088
3012 53248
3036 245760
3131 101634048
3178 49152
3233 0
3322 2297856
3330 2285568
3629 0
3711 120295424
3715 1904640
3716 1523712
3718 131072
3742 10600448
3752 5136384
3795 21004288
3825 0
4085 11784192
5248 24576
5330 1798144
5339 49152
36797 0
